
--------------------
cycle 1: 96		B   		#1		

Registers:
r00:	0	0	0	0	0	0	0	0
r08:	0	0	0	0	0	0	0	0
r16:	0	0	0	0	0	0	0	0
r24:	0	0	0	0	0	0	0	0

Data:
120:	-1	-1	-1	-1	-1	-1	-1	-1
152:	-1	-1
--------------------
cycle 2: 100		ADDI   		R1	 R0	 #0

Registers:
r00:	0	0	0	0	0	0	0	0
r08:	0	0	0	0	0	0	0	0
r16:	0	0	0	0	0	0	0	0
r24:	0	0	0	0	0	0	0	0

Data:
120:	-1	-1	-1	-1	-1	-1	-1	-1
152:	-1	-1
--------------------
cycle 3: 104		CBZ   		R1	 #1	

Registers:
r00:	0	0	0	0	0	0	0	0
r08:	0	0	0	0	0	0	0	0
r16:	0	0	0	0	0	0	0	0
r24:	0	0	0	0	0	0	0	0

Data:
120:	-1	-1	-1	-1	-1	-1	-1	-1
152:	-1	-1
--------------------
cycle 4: 108		SUBI   		R1	 R0	 #4

Registers:
r00:	0	-4	0	0	0	0	0	0
r08:	0	0	0	0	0	0	0	0
r16:	0	0	0	0	0	0	0	0
r24:	0	0	0	0	0	0	0	0

Data:
120:	-1	-1	-1	-1	-1	-1	-1	-1
152:	-1	-1
--------------------
cycle 5: 112		CBNZ   		R1	 #1	

Registers:
r00:	0	-4	0	0	0	0	0	0
r08:	0	0	0	0	0	0	0	0
r16:	0	0	0	0	0	0	0	0
r24:	0	0	0	0	0	0	0	0

Data:
120:	-1	-1	-1	-1	-1	-1	-1	-1
152:	-1	-1