
====================
cycle 1: 96		ADDI   		R0	 R1	 #5

Registers:
r00:	5	0	0	0	0	0	0	0
r08:	0	0	0	0	0	0	0	0
r16:	0	0	0	0	0	0	0	0
r24:	0	0	0	0	0	0	0	0

Data:
====================
cycle 2: 100		B   		#14		

Registers:
r00:	5	0	0	0	0	0	0	0
r08:	0	0	0	0	0	0	0	0
r16:	0	0	0	0	0	0	0	0
r24:	0	0	0	0	0	0	0	0

Data:
====================
cycle 3: 156		B   		#-13		

Registers:
r00:	5	0	0	0	0	0	0	0
r08:	0	0	0	0	0	0	0	0
r16:	0	0	0	0	0	0	0	0
r24:	0	0	0	0	0	0	0	0

Data:
====================
cycle 4: 104		ADDI   		R4	 R5	 #-10

Registers:
r00:	5	0	0	0	-10	0	0	0
r08:	0	0	0	0	0	0	0	0
r16:	0	0	0	0	0	0	0	0
r24:	0	0	0	0	0	0	0	0

Data:
====================
cycle 5: 108		ADD   		R3	 R4	 R0

Registers:
r00:	5	0	0	-5	-10	0	0	0
r08:	0	0	0	0	0	0	0	0
r16:	0	0	0	0	0	0	0	0
r24:	0	0	0	0	0	0	0	0

Data:
====================
cycle 6: 112		SUB   		R2	 R0	 R3

Registers:
r00:	5	0	10	-5	-10	0	0	0
r08:	0	0	0	0	0	0	0	0
r16:	0	0	0	0	0	0	0	0
r24:	0	0	0	0	0	0	0	0

Data:
====================
cycle 7: 116		SUBI   		R1	 R2	 #-20

Registers:
r00:	5	30	10	-5	-10	0	0	0
r08:	0	0	0	0	0	0	0	0
r16:	0	0	0	0	0	0	0	0
r24:	0	0	0	0	0	0	0	0

Data:
====================
cycle 8: 120		ADDI   		R6	 R1	 #44

Registers:
r00:	5	30	10	-5	-10	0	74	0
r08:	0	0	0	0	0	0	0	0
r16:	0	0	0	0	0	0	0	0
r24:	0	0	0	0	0	0	0	0

Data:
====================
cycle 9: 124		AND   		R7	 R6	 R0

Registers:
r00:	5	30	10	-5	-10	0	74	0
r08:	0	0	0	0	0	0	0	0
r16:	0	0	0	0	0	0	0	0
r24:	0	0	0	0	0	0	0	0

Data:
====================
cycle 10: 128		ORR   		R8	 R6	 R0

Registers:
r00:	5	30	10	-5	-10	0	74	0
r08:	6	0	0	0	0	0	0	0
r16:	0	0	0	0	0	0	0	0
r24:	0	0	0	0	0	0	0	0

Data:
====================
cycle 11: 132		EOR   		R9	 R6	 R0

Registers:
r00:	5	30	10	-5	-10	0	74	0
r08:	6	6	0	0	0	0	0	0
r16:	0	0	0	0	0	0	0	0
r24:	0	0	0	0	0	0	0	0

Data:
====================
cycle 12: 136		MOVZ   		R10	 255	 LSL 16

Registers:
r00:	5	30	10	-5	-10	0	74	0
r08:	6	6	16711680	0	0	0	0	0
r16:	0	0	0	0	0	0	0	0
r24:	0	0	0	0	0	0	0	0

Data:
====================
cycle 13: 140		MOVZ   		R10	 255	 LSL 0

Registers:
r00:	5	30	10	-5	-10	0	74	0
r08:	6	6	255	0	0	0	0	0
r16:	0	0	0	0	0	0	0	0
r24:	0	0	0	0	0	0	0	0

Data:
====================
cycle 14: 144		MOVK   		R11	 1000	 LSL 32

Registers:
r00:	5	30	10	-5	-10	0	74	0
r08:	6	6	255	4294967296000	0	0	0	0
r16:	0	0	0	0	0	0	0	0
r24:	0	0	0	0	0	0	0	0

Data:
====================
cycle 15: 148		MOVK   		R11	 1000	 LSL 0

Registers:
r00:	5	30	10	-5	-10	0	74	0
r08:	6	6	255	4294967297000	0	0	0	0
r16:	0	0	0	0	0	0	0	0
r24:	0	0	0	0	0	0	0	0

Data:
====================
cycle 16: 152		B   		#2		

Registers:
r00:	5	30	10	-5	-10	0	74	0
r08:	6	6	255	4294967297000	0	0	0	0
r16:	0	0	0	0	0	0	0	0
r24:	0	0	0	0	0	0	0	0

Data:
====================
cycle 17: 160		ADDI   		R12	 R12	 #200

Registers:
r00:	5	30	10	-5	-10	0	74	0
r08:	6	6	255	4294967297000	200	0	0	0
r16:	0	0	0	0	0	0	0	0
r24:	0	0	0	0	0	0	0	0

Data:
====================
cycle 18: 164		STUR   		R12	 [R12	 #40]

Registers:
r00:	5	30	10	-5	-10	0	74	0
r08:	6	6	255	4294967297000	200	0	0	0
r16:	0	0	0	0	0	0	0	0
r24:	0	0	0	0	0	0	0	0

Data:
212:	0	0	0	0	0	0	0	0
244:	0	0	0	0	0	0	0	0
276:	0	0	0	0	0	0	0	0
308:	200	0	0	0	0	0	0	0
340:	0	0	0	0	0	0	0	0
====================
cycle 40: 168		LDUR   		R13	 [R12	 #40]

Registers:
r00:	5	30	10	-5	-10	0	74	0
r08:	6	6	255	4294967297000	200	0	0	0
r16:	0	0	0	0	0	0	0	0
r24:	0	0	0	0	0	0	0	0

Data:
212:	0	0	0	0	0	0	0	0
244:	0	0	0	0	0	0	0	0
276:	0	0	0	0	0	0	0	0
308:	200	0	0	0	0	0	0	0
340:	0	0	0	0	0	0	0	0
====================
cycle 41: 172		LSL   		R10	 R10	 #4

Registers:
r00:	5	30	10	-5	-10	0	74	0
r08:	6	6	160	4294967297000	200	0	0	0
r16:	0	0	0	0	0	0	0	0
r24:	0	0	0	0	0	0	0	0

Data:
212:	0	0	0	0	0	0	0	0
244:	0	0	0	0	0	0	0	0
276:	0	0	0	0	0	0	0	0
308:	200	0	0	0	0	0	0	0
340:	0	0	0	0	0	0	0	0
====================
cycle 42: 176		-1493167863   			

Registers:
r00:	5	30	10	-5	-10	0	74	0
r08:	6	6	160	4294967297000	200	0	0	0
r16:	0	0	0	0	0	0	0	0
r24:	0	0	0	0	0	0	0	0

Data:
212:	0	0	0	0	0	0	0	0
244:	0	0	0	0	0	0	0	0
276:	0	0	0	0	0	0	0	0
308:	200	0	0	0	0	0	0	0
340:	0	0	0	0	0	0	0	0
====================
cycle 43: 180		LSR   		R6	 R6	 #2

Registers:
r00:	5	30	10	-5	-10	0	1	0
r08:	6	6	160	4294967297000	200	0	0	0
r16:	0	0	0	0	0	0	0	0
r24:	0	0	0	0	0	0	0	0

Data:
212:	0	0	0	0	0	0	0	0
244:	0	0	0	0	0	0	0	0
276:	0	0	0	0	0	0	0	0
308:	200	0	0	0	0	0	0	0
340:	0	0	0	0	0	0	0	0
====================
cycle 44: 184		B   		#2		

Registers:
r00:	5	30	10	-5	-10	0	1	0
r08:	6	6	160	4294967297000	200	0	0	0
r16:	0	0	0	0	0	0	0	0
r24:	0	0	0	0	0	0	0	0

Data:
212:	0	0	0	0	0	0	0	0
244:	0	0	0	0	0	0	0	0
276:	0	0	0	0	0	0	0	0
308:	200	0	0	0	0	0	0	0
340:	0	0	0	0	0	0	0	0
====================
cycle 45: 192		SUBI   		R0	 R0	 #1

Registers:
r00:	4	30	10	-5	-10	0	1	0
r08:	6	6	160	4294967297000	200	0	0	0
r16:	0	0	0	0	0	0	0	0
r24:	0	0	0	0	0	0	0	0

Data:
212:	0	0	0	0	0	0	0	0
244:	0	0	0	0	0	0	0	0
276:	0	0	0	0	0	0	0	0
308:	200	0	0	0	0	0	0	0
340:	0	0	0	0	0	0	0	0
====================
cycle 46: 196		CBNZ   		R0	 #-1	

Registers:
r00:	4	30	10	-5	-10	0	1	0
r08:	6	6	160	4294967297000	200	0	0	0
r16:	0	0	0	0	0	0	0	0
r24:	0	0	0	0	0	0	0	0

Data:
212:	0	0	0	0	0	0	0	0
244:	0	0	0	0	0	0	0	0
276:	0	0	0	0	0	0	0	0
308:	200	0	0	0	0	0	0	0
340:	0	0	0	0	0	0	0	0
====================
cycle 47: 200		CBZ   		R0	 #-3	

Registers:
r00:	4	30	10	-5	-10	0	1	0
r08:	6	6	160	4294967297000	200	0	0	0
r16:	0	0	0	0	0	0	0	0
r24:	0	0	0	0	0	0	0	0

Data:
212:	0	0	0	0	0	0	0	0
244:	0	0	0	0	0	0	0	0
276:	0	0	0	0	0	0	0	0
308:	200	0	0	0	0	0	0	0
340:	0	0	0	0	0	0	0	0
====================
cycle 48: 188		B   		#4		

Registers:
r00:	4	30	10	-5	-10	0	1	0
r08:	6	6	160	4294967297000	200	0	0	0
r16:	0	0	0	0	0	0	0	0
r24:	0	0	0	0	0	0	0	0

Data:
212:	0	0	0	0	0	0	0	0
244:	0	0	0	0	0	0	0	0
276:	0	0	0	0	0	0	0	0
308:	200	0	0	0	0	0	0	0
340:	0	0	0	0	0	0	0	0
====================
cycle 49: 204		0   			

Registers:
r00:	4	30	10	-5	-10	0	1	0
r08:	6	6	160	4294967297000	200	0	0	0
r16:	0	0	0	0	0	0	0	0
r24:	0	0	0	0	0	0	0	0

Data:
212:	0	0	0	0	0	0	0	0
244:	0	0	0	0	0	0	0	0
276:	0	0	0	0	0	0	0	0
308:	200	0	0	0	0	0	0	0
340:	0	0	0	0	0	0	0	0