
====================
cycle 1: 96		ADD   		R3	 R1	 R2

Registers:
r00:	0	0	0	0	0	0	0	0
r08:	0	0	0	0	0	0	0	0
r16:	0	0	0	0	0	0	0	0
r24:	0	0	0	0	0	0	0	0

Data:
160:	-1	-3
====================
cycle 2: 100		SUB   		R3	 R1	 R2

Registers:
r00:	0	0	0	0	0	0	0	0
r08:	0	0	0	0	0	0	0	0
r16:	0	0	0	0	0	0	0	0
r24:	0	0	0	0	0	0	0	0

Data:
160:	-1	-3
====================
cycle 3: 104		AND   		R3	 R1	 R2

Registers:
r00:	0	0	0	0	0	0	0	0
r08:	0	0	0	0	0	0	0	0
r16:	0	0	0	0	0	0	0	0
r24:	0	0	0	0	0	0	0	0

Data:
160:	-1	-3
====================
cycle 4: 108		ORR   		R3	 R1	 R2

Registers:
r00:	0	0	0	3	0	0	0	0
r08:	0	0	0	0	0	0	0	0
r16:	0	0	0	0	0	0	0	0
r24:	0	0	0	0	0	0	0	0

Data:
160:	-1	-3
====================
cycle 5: 112		B   		#10000		

Registers:
r00:	0	0	0	3	0	0	0	0
r08:	0	0	0	0	0	0	0	0
r16:	0	0	0	0	0	0	0	0
r24:	0	0	0	0	0	0	0	0

Data:
160:	-1	-3