====================
cycle: 96		B   		#1		

Registers:
r00:	0	0	0	0	0	0	0	0
r08:	0	0	0	0	0	0	0	0
r16:	0	0	0	0	0	0	0	0
r24:	0	0	0	0	0	0	0	0====================
cycle: 100		ADDI   		R1	 R0	 #0

Registers:
r00:	0	0	0	0	0	0	0	0
r08:	0	0	0	0	0	0	0	0
r16:	0	0	0	0	0	0	0	0
r24:	0	0	0	0	0	0	0	0====================
cycle: 104		CBZ   		R1	 #1	

Registers:
r00:	0	0	0	0	0	0	0	0
r08:	0	0	0	0	0	0	0	0
r16:	0	0	0	0	0	0	0	0
r24:	0	0	0	0	0	0	0	0====================
cycle: 108		SUBI   		R1	 R0	 #4

Registers:
r00:	0	0	0	0	0	0	0	0
r08:	0	0	0	0	0	0	0	0
r16:	0	0	0	0	0	0	0	0
r24:	0	0	0	0	0	0	0	0====================
cycle: 112		CBNZ   		R1	 #1	

Registers:
r00:	0	0	0	0	0	0	0	0
r08:	0	0	0	0	0	0	0	0
r16:	0	0	0	0	0	0	0	0
r24:	0	0	0	0	0	0	0	0====================
cycle: 116		BREAK   			

Registers:
r00:	0	0	0	0	0	0	0	0
r08:	0	0	0	0	0	0	0	0
r16:	0	0	0	0	0	0	0	0
r24:	0	0	0	0	0	0	0	0